3.0260887832129013e-1
-1.546402315949209e-1
6.46044205174938e-2
7.531750669556392e-2
-2.2993551572076376e-1
-2.3204718506325556e-1
-4.084331733235616e-1
1.4633859677234454e-1
-1.6033226989834243e-1
-5.6858131371194984e-2
7.723117981011319e-1
-3.3875473481583257e-1
-2.3206344104991793e-2
1.2488897231204994e-1
-2.8117378062346043e-1
3.2631307737119813e-1
9.934218121020894e-2
-3.562588023990553e-1
-1.246196167423827e-2
4.8624817897002587e-1
2.280355982568623e-1
4.248386495180416e-2
-2.209812228760875e-1
9.01035603744422e-2
3.991825250238819e-1
1.2387481057964325e-1
-8.472841010587251e-2
3.469031107451688e-2
-4.885878590457992e-1
6.853494209882446e-1
2.591939570503504e-1
4.5179833233859e-1
-2.1748239486466783e-1
-3.626060850819126e-1
6.429069305883947e-1
-3.4052545170781134e-1
1.0468069610840476e-1
2.499699551628176e-1
5.7932190343648354e-2
-2.9981070229570844e-1
-7.149931421257169e-3
-1.5168878978452066e-1
1.6047843522712657e-1
-9.274919214828296e-2
-1.3893252276536458e-1
-5.554165331837669e-1
-2.0947123464094905e-1
5.003679626931568e-1
1.1962660740101311e-1
7.974684327308816e-2
2.839524351689656e-1
2.1599729366668383e-1
5.405351759761323e-1
-2.0342990222461527e-1
1.1782377451347935e-1
-1.4335913752381457e-1
2.657512315226509e-1
-1.7306459780165384e-1
1.8603705183107339e-1
4.023528011566211e-1
3.491120058111951e-1
3.080449954075961e-1
1.77272586510207e-1
-8.522599827158661e-2
-1.0140533709657522e-1
-5.492933110743013e-1
3.8989050021496147e-1
-7.139276302124503e-1
-6.048039952168158e-1
-2.1608226650015802e-1
3.2500235555097556e-1
1.1119945496312435e-1
3.6905193938838987e-1
-1.0307473927781971e-1
4.529151839075351e-2
-3.3416984066062994e-1
1.5657868955148158e-1
-2.9091257723143327e-1
-7.158304758037639e-1
-2.66233684060546e-1
-6.95999030110201e-2
3.1443879038748246e-1
-4.6163133431636133e-1
-2.3194199954342173e-1
-5.845496799682571e-2
3.5516148031891737e-1
-2.742842114328839e-1
3.3706167903312756e-1
6.29324707958675e-1
-8.305110465682313e-1
-4.5524030470024923e-1
2.3531669923755805e-1
1.4673862492152318e-1
-2.3416001264735078e-1
3.853161410358048e-1
-2.5695172031434654e-1
1.793146466089791e-1
-1.2121134186519318e-1
-3.996909691364482e-1
6.114613536383266e-2
4.1695886934479964e-1
-3.6433007359638026e-1
6.786181847410444e-1
4.182933219331758e-2
5.570914099484051e-3
4.334638838359101e-2
-5.016726089784486e-1
2.1581537429903386e-1
5.516530369371682e-1
-1.6037916213696302e-1
4.399391337701544e-1
-9.011791787240122e-1
-1.1007557964636068e-1
-5.340947627646143e-1
6.592999307845328e-1
-2.831923348422582e-1
2.2496118346767693e-1
1.3535191294486315e-1
-1.1281116344978905e-1
1.0119696662556504e-1
-2.752134003781507e-2
1.64291901336281e-1
-3.681091387963188e-1
2.9221021547834297e-1
7.639383851887622e-1
1.8158737547845616e-1
2.453576972600879e-1
-4.413188845031883e-1
6.340208401271452e-1
-1.843252363610264e-1
4.1338170078973024e-1
8.294289981855112e-2
-1.6891359634636183e-1
-1.3054709053655417e-1
2.4888453855495468e-1
3.8705981188820615e-1
8.36230063147699e-1
3.5688513771345975e-1
-5.965866816564701e-1
6.170435099319335e-1
-1.1308961940582152e-1
6.736641246091334e-1
-3.2466275186999055e-1
5.042348831684135e-1
-5.209748059257892e-1
-3.016309812014565e-1
5.294284731575519e-1
6.05921944453511e-1
-2.150665757180049e-1
1.0571567444086673e-1
-4.7201035608350056e-1
3.66440954829303e-1
-4.817049650632292e-1
-4.5858768971172437e-1
7.819664665248874e-2
2.45501887955048e-1
-2.2699352884461916e-2
1.7093802329823293e-1
8.203073983319899e-2
2.98965962054426e-1
-2.766792145278071e-1
-1.4456697301744934e-1
3.5285237985794177e-1
-1.2943501385149353e-1
-7.588106133592297e-2
-4.365061828971722e-1
-1.8565740916652396e-1
-8.286688890629026e-2
2.9234718780210434e-1
4.3982831477565887e-1
3.0821171795949504e-1
-1.1304225870558371e-1
-4.3028964778058615e-1
-1.282359237788971e-1
3.237981146798633e-1
3.3777054826544883e-1
-2.878380658841616e-1
1.908820536923063e-1
-3.228542341949195e-1
-3.0226336141843296e-1
-5.885023296324164e-1
-1.741495135751738e-1
-1.5116589798019095e-2
-5.717802878330448e-3
1.5292406985227514e-1
-2.530155027461486e-1
-6.940042642640704e-1
-4.231511479912656e-1
-7.032428109692145e-1
4.389597844316058e-3
-3.078294915406713e-1
2.2830717188395952e-1
2.029989133575165e-1
-3.393686484185993e-1
-4.853493648106285e-2
2.4018357900449167e-1
1.6992845289916123e-1
3.743238083378452e-1
-1.589269134360505e-1
1.3543913356842543e-1
2.559974796553704e-1
-1.9892110721761218e-2
-1.2719445938652107e-1
8.984161637435686e-2
-9.653087881000838e-2
7.373323969522089e-1
1.313519770239341e-1
2.3422007354884009e-1
1.9891789027910686e-1
-2.5218518981385296e-1
2.4694940327296837e-2
-5.290357434537933e-1
7.13103786080752e-1
-2.4797896092289398e-1
5.6082661214993e-1
-6.083031438787299e-2
1.4043331838974432e-1
7.141868791962151e-2
-6.47160027738812e-2
5.987331457839008e-1
-2.371721535367019e-1
2.085408204289844e-1
-7.407390733336979e-1
-4.1927573576244664e-1
-8.203056519211569e-1
-7.279643745861353e-1
-1.6257780505271893e-1
-2.066023970904251e-1
3.9095568227036026e-1
-7.89326830761871e-2
2.965220780737358e-1
-3.304407508908256e-1
-9.20951117227177e-3
-3.615352208107584e-1
-3.4710316083804016e-1
4.1868185274301634e-1
-1.1827527039548881e-1
-1.5405832190265692e-1
-2.5520964958511878e-2
-1.5532960092198184e-1
-4.2306335503288284e-1
-1.4056023781169344e-1
3.110914227572093e-1
-1.326814474932307e-1
-5.68838935312067e-1
4.9881138470016496e-2
-6.607275463677892e-2
-3.5132207484768113e-1
-2.5457664760351186e-2
-3.35737587632588e-1
-4.267869327120532e-1
7.505172590922896e-3
-4.1748756305392687e-1
-3.3364834754991984e-1
-4.9813558206485337e-1
-3.741315644595477e-1
-2.0346495489191363e-1
-3.435659642197423e-1
2.7121233378125453e-1
-2.5027912070812924e-1
-7.560022219231413e-2
-4.959083592082882e-1
-7.648651535343726e-1
-1.6465792696794718e-1
-1.0392483020146462e-1
1.731782808335679e-1
6.711073523487991e-2
1.3060129054675015e-1
-1.430514797733468e-3
2.0526425544137594e-1
-1.2713869398423283e-1
9.699541126930865e-2
-2.712483383378317e-1
1.3218893174483015e-1
3.57720074390839e-1
5.787020945710635e-1
1.5729165867118872e-1
2.1856158025153832e-1
5.269150867614432e-1
-2.6883816372028757e-1
-3.22239811144158e-2
6.735319712629234e-1
1.630702154340284e-2
-2.81085818288941e-1
-4.160347934849014e-2
2.5221894869194766e-1
-4.97465081867485e-1
1.5337411021248165e-1
1.601206790257605e-1
1.6040645052043323e-1
5.367846675151534e-1
-5.025475052288985e-1
3.530124795330476e-1
3.361797906147628e-1
3.598980209174268e-2
-9.943900754295448e-2
-6.995020913888317e-2
-1.1943216590938009e-1
4.10660297516679e-1
-1.36685210674202e-1
6.395886009098427e-1
2.1858133305435837e-1
-1.133804412872205e-1
4.748203433036069e-1
-2.478739310349292e-3
2.5146389618717213e-1
-4.38547268463e-1
-4.589151215042357e-1
-4.942831124222205e-2
1.1223488462461127e-1
4.0709870629338385e-1
-4.396385919728503e-1
4.3108539249447386e-1
2.5101164207109733e-1
6.6460218293393e-2
8.813394325082616e-2
5.698975954029398e-1
-6.289336280560824e-1
7.676543060438815e-3
8.621164662883976e-2
-4.778049963345746e-2
-1.1639640467890181e-2
6.381818697647175e-1
9.42815711484402e-2
-2.217368229922428e-1
7.176430240653617e-1
-1.2065359875161948e-1
-2.1669204626767782e-1
-1.8984542082994982e-1
3.7849807578986046e-2
2.0950185868628138e-1
7.246579173566037e-1
-1.0447424218848485e-1
6.189176604876188e-2
5.732125905033034e-1
1.2144085112601521e-1
-2.816049795976042e-1
-1.7760523533802597e-1
-3.1930644393597807e-1
7.918389308495762e-2
3.405096292714831e-1
-3.275295207531286e-1
1.6740722951462156e-1
-4.727720833148228e-1
-3.768230529958314e-1
4.947383832118863e-1
-2.341798843091126e-1
4.324337893327083e-1
3.2952005583993743e-1
1.3070204572829203e-1
-4.895196248789933e-1
-8.220014020867995e-2
4.066502945523446e-1
1.7338456734644153e-1
6.287989018148269e-1
-4.0794082689811974e-2
1.1574593932146002e-1
1.2558341936667022e-2
2.650152930169746e-1
2.296538460860818e-2
4.447337446144239e-1
4.9821325714635556e-1
5.84036027951899e-1
9.44161120084885e-2
1.6650525349328363e-1
-2.6124099315721705e-1
-1.382001821185354e-1
-4.0542163612880666e-1
-8.891203890364088e-3
-1.447231853469913e-1
-1.3897799632855254e-1
4.045871274349159e-1
-2.3338576251169446e-1
-8.9264592403774e-3
-4.183690675250849e-2
-7.461804539209037e-2
-1.3932348977422168e-1
-3.5997167433667915e-1
-1.0313740095592962e-1
-1.2551850255021585e-2
-4.429493764045189e-1
-7.235653958487752e-1
6.518086195139901e-2
-8.302722659303721e-2
-8.38244264800787e-2
-2.2545797960379604e-1
6.446923237024545e-2
2.516261419802884e-1
-7.411060150633762e-2
4.805413736871121e-1
-1.563520292455261e-1
-3.0730573955124424e-1
-4.4544708483365403e-1
-1.1646868135582916e-1
2.6700792305689325e-1
-3.556747341052595e-1
3.8936143132072637e-1
1.4736693926622776e-1
8.982379648863593e-2
1.7870755183492834e-1
-2.63269769293944e-1
-1.0844543989412593e-1
1.098869015622857e-1
-1.802094904219409e-1
-2.1654640291757085e-3
4.149593392174732e-2
-1.529700501598065e-1
-3.0627860296742454e-1
-5.912342807568073e-1
-4.081582082264958e-1
-1.1056263722894327e-1
-5.163243472785909e-1
3.398976176699433e-1
1.9894499974566156e-2
7.976825758616743e-1
1.5461251902833562e-1
-9.14956034464655e-2
3.4127301203837695e-1
-1.3426150750229726e-1
3.962552425590115e-1
-2.300577261965589e-1
-7.252959877774384e-1
-1.301533286761289e-1
2.769639203511275e-1
-6.240662245886329e-1
-1.6626519988449134e-2
-5.968514084467107e-1
-2.4790985261504445e-1
2.1728343346480755e-1
2.7604863924102185e-1
-1.9222946281367187e-1
3.1914667395894236e-1
3.093594815766748e-1
5.571569380398377e-2
2.2495493604820357e-1
-3.473654614311464e-1
-2.0440734764281399e-1
1.1890420542781205e-1
1.808820230641503e-1
3.0104733376768716e-1
4.327615744280422e-1
1.8086276097280365e-1
1.5187343735561246e-1
6.394055130697351e-1
-2.2113084745799452e-1
-3.8194225313517516e-1
-2.8876689536865313e-1
2.4106883102279472e-1
1.349717688052812e-1
1.254486011657909e-1
6.246630072546807e-2
-2.4338164715058896e-1
-2.263056402148123e-1
-2.0853832608453804e-2
2.878043341977072e-1
5.389832007942271e-1
-4.2074499741256915e-1
-5.141525215216347e-1
4.413789451581532e-1
2.764762849470763e-1
-1.8311120942104565e-3
2.931892223479331e-1
3.443760446192442e-1
-4.184891367092915e-1
9.838077178378303e-2
-7.058641818428121e-2
2.857829301747965e-1
-3.105494060174475e-1
1.6753138638255202e-1
2.3169844615552476e-1
5.746569826838719e-3
-4.8826856827976656e-1
-1.1775186829818601e-1
-2.1455041948113981e-1
-1.2168130661116405e-1
4.679515727143529e-1
-1.3969810334684174e-1
-2.3548122841653601e-1
5.923172754772019e-1
3.439047307671762e-2
-3.1061572240225616e-1
8.502703772733206e-3
6.344592445436189e-1
-3.827482650245299e-1
1.333393988317012e-1
5.638551021622729e-1
1.0185729906489213e-1
2.1642033061264784e-1
1.0562101268663815e-1
7.166935376879856e-3
-1.266766800793577e-1
8.518745551957144e-1
3.9025889425012333e-1
-6.972593322017392e-2
4.511632428527774e-1
4.0919044754739253e-1
-1.0131931906680924e-1
2.776259351384549e-1
1.5555290537040517e-2
-1.7785015648445338e-1
2.7430994931255626e-1
-6.98158803404731e-1
-5.331445027261588e-2
-3.1643204465397495e-1
4.005217966849972e-2
6.413338166996295e-1
4.9154558568291914e-2
2.0012831730948752e-1
1.9772032645997117e-1
-2.074507933672622e-1
8.691615741324817e-1
-2.3453942027634564e-1
4.560846121903547e-1
2.4703216036584252e-1
6.222972036939437e-1
-1.7336264805780946e-1
2.2753235303871247e-1
9.067516860762101e-2
3.05460397265015e-1
7.77565429076725e-2
1.3401411161408475e-1
3.7428354169583055e-3
-1.9281201955780114e-1
-4.131834604487864e-2
5.656848415514719e-1
1.660612220869827e-1
-9.872206433426818e-2
-3.8854093662901684e-2
-5.241597784235612e-1
-3.418883599799865e-1
2.9299110723341043e-1
8.644377957958456e-3
-7.670457383470941e-2
-2.0111312673771545e-1
6.493573778372471e-1
1.5892218519353618e-1
-5.405034709043567e-1
-3.8525577763274e-2
3.168821930001412e-1
5.585757085475557e-2
-7.082074429594979e-1
-4.220749963829918e-2
-7.17056447795694e-2
-9.78945547200507e-2
-3.604514800026218e-2
5.5295503602500254e-2
2.3834525588735428e-1
5.198487741233827e-1
-8.023655896540616e-1
-1.281598965962084e-1
-1.1042554333326522e-1
1.724353886966582e-1
2.9467485211045485e-2
4.7200972540852365e-1
5.676059824564917e-2
-1.2527720024192357e-2
1.131178980641246e-3
-4.003474007279681e-1
-5.301987295168772e-1
2.2684946255411925e-2
-5.083452683258076e-2
-3.989635055395657e-1
-9.572841872770242e-2
-3.641841926176874e-1
2.0630575563763456e-1
3.721158811926293e-1
-9.563144415628008e-2
3.920254167564166e-1
-1.6175632445800375e-1
-1.8262857500563395e-1
6.683971294428055e-1
-4.33879080238226e-2
2.709135061960974e-1
-4.883451933443718e-1
3.0640987022295246e-1
2.3873247330918834e-1
-3.2860087929040566e-1
2.500821100555643e-1
4.7050459354320046e-1
4.4608276217543485e-2
4.9193236690387016e-1
-4.1598342894658186e-1
-8.418217858626008e-1
2.7748123908574407e-1
3.562581793579246e-2
-1.0123566713174796e-1
1.7257932042394591e-1
2.8378632046602315e-1
1.0575964963855461e-1
-2.073143944924e-1
-5.101419487493138e-1
6.531141557954169e-1
1.0336584819120602e-1
3.072429193720193e-1
3.216491213917276e-1
-4.539771852037007e-1
-2.828188304303762e-1
-6.2831050036088e-2
-2.674466969089522e-2
-3.278365456015887e-1
-5.39214215295761e-1
-3.060328552098188e-1
6.749591274063649e-1
4.442975690076161e-1
-1.4950417536203675e-1
9.75797594314136e-2
-8.479174221238964e-2
-2.5297254091034845e-2
2.633983925432773e-4
-1.448461897961432e-1
1.3103958363313334e-1
-4.6354760068003736e-1
2.0514817802278987e-1
-3.167171259357007e-1
-3.334581538457965e-1
4.715115861823195e-1
2.8563798386697137e-1
2.515678873546096e-1
-3.031927406429802e-1
-1.0975008167071715e-2
6.207470797467442e-3
-4.01073911492169e-1
4.7176105343923286e-1
2.638655011209398e-1
-4.7442060550097304e-1
5.704976830884178e-1
-3.020845407322521e-1
-2.933548564150911e-1
7.697765591252712e-2
-4.842736664743708e-2
-9.350386239417526e-1
-4.1110806449324966e-1
-5.642084319426689e-1
1.6100311258629843e-1
3.3379616390732986e-1
2.866510606908032e-1
3.729936431459941e-1
2.417965125962783e-1
3.301735749290728e-1
-4.0117570997361124e-1
1.7414410979241107e-1
-1.5701870856978006e-1
-4.189459646900998e-1
-1.7883328831771447e-1
-2.947282718557502e-1
-1.326551297281759e-1
-9.630652483680627e-2
-3.1022407357667847e-1
4.3754071829493973e-1
-3.7783438459620616e-1
-2.3616287667819671e-1
3.0356816339966686e-1
-3.0763240180229207e-1
-1.5410621328077392e-1
-4.7840355823785546e-1
2.0829983126636537e-1
-1.028066921828129e-1
-5.377105631836785e-2
-3.0052880770581863e-1
5.908500569270451e-1
1.7663283286644263e-1
3.2440066609839074e-1
-1.2879910620907656e-1
2.376728881544107e-1
4.712985276970943e-1
-3.7562479837789287e-1
-5.606695384426171e-1
-1.9057032876906338e-1
-2.0252825886096404e-1
4.3963947215797433e-1
5.541945180660752e-1
-1.0764490884702436e-1
-2.543772878079779e-2
8.08288422600844e-2
4.4100492526428897e-1
1.799656787134924e-2
-4.9019604798311994e-2
7.559829537603042e-2
9.476461995817662e-2
-2.0173523885436828e-1
-2.701899801989354e-1
1.6284212392872338e-1
-4.898305674080192e-2
3.9156821434976646e-1
-6.016831940769665e-1
-1.2319279929089935e-1
-1.1383210006741246e-2
3.4698392434512e-1
-7.319368425653365e-3
-6.933311863623383e-1
1.3942311737222002e-1
8.540625950904936e-1
5.110928951798809e-1
-7.54715848618282e-2
4.122612664515033e-1
-8.547144400471775e-2
4.0987594882720696e-1
-6.684096901923092e-2
-1.6372360919083603e-1
-5.301380635762284e-1
-1.3316224430050913e-1
-6.624318589271101e-1
6.672922355682169e-2
3.5564442908444655e-3
-5.601766740148829e-1
2.2181244088556318e-1
2.1613719465974657e-1
-2.9354573718033894e-1
1.0853121256184318e-1
-3.619807773071657e-1
8.598602626181283e-1
4.366057416824949e-1
-3.030367335109969e-1
-7.444305927529571e-1
-7.991466277693711e-3
3.240093026237576e-2
-4.1509672000551484e-1
-2.1791266958415131e-1
3.152565281443723e-1
-3.4436449738385305e-1
-2.7553036192799746e-1
-7.215737326809207e-2
3.0612183168089255e-2
2.7333463753208706e-2
2.2412503266622946e-1
5.351471904951961e-1
-1.8328017281340186e-1
-2.2531324168779102e-1
4.8118015170156564e-1
1.568180923967703e-1
2.3178447753268974e-1
-8.207989332976554e-2
-1.0348993767518e-1
2.6667273858180823e-1
3.179281673364947e-1
5.455994656090642e-1
-1.4282579677363214e-1
1.9732560272621052e-1
-2.3634577324754863e-1
-5.208919257844851e-1
1.3956841425242716e-1
-4.2061936315713605e-1
1.564572079792983e-1
-5.647655568013639e-1
1.4702843491469622e-1
8.418864712919893e-2
5.97806565065821e-1
-2.1181382525489445e-1
2.50147928092317e-1
4.168278634302314e-1
8.291064263883198e-1
1.0945218156462665e-1
-5.69416632640117e-1
-2.571335906441964e-1
5.106668370984885e-1
7.572648566612592e-1
-2.2004510844961955e-1
4.3992971163226774e-1
1.3001694842731367e-2
-6.624530109493593e-1
-2.9315604747859764e-1
1.4119987072919213e-1
1.838249613011242e-1
-2.70337709838494e-1
5.681644489679697e-2
-2.2469450843994995e-1
4.02039341724418e-1
6.229489446219385e-1
-3.9356332675190725e-1
-1.1051368688907899e-1
-1.1752919624143454e-1
-4.859281121863655e-1
-5.909388878430205e-1
-2.753226225618651e-1
6.308428183160267e-1
6.559175649757009e-1
-5.677728744705022e-1
2.972432607071127e-1
5.5532554646732665e-2
3.223258905534541e-1
1.8299285666064838e-1
-8.134247589320218e-2
9.042403737836828e-2
3.540639598650011e-2
-9.572115065162598e-2
-2.1428157876079077e-2
-6.675411360621449e-2
9.194206254166994e-2
-2.4404056446745462e-1
-1.6382726066013695e-1
3.4853007912639233e-1
-1.8600295781506732e-1
1.7366774861072434e-1
-3.1682532060222796e-1
1.4286410283026005e-1
5.4433540486076605e-2
2.0537790568823874e-1
4.021632996729208e-1
-6.564672109533538e-1
6.323056762754056e-1
3.441176776052207e-1
-1.6727004622680877e-1
3.7925875982228696e-1
8.711572595364926e-2
2.656340405507876e-1
3.3992772211524724e-1
2.2377801796100072e-1
2.510308727478948e-1
9.1573802101526e-1
1.072976629494351e-1
4.242333062317175e-2
3.8228279669331633e-1
-5.036902646087663e-1
-3.875378011341245e-1
-1.9728564869291773e-1
6.143170974401322e-2
-3.935014903741827e-1
-2.1440324627656007e-1
-2.6293350094360823e-1
2.4285182922873025e-1
2.724793498443805e-1
-1.6418476598915777e-1
9.634209905815913e-3
-2.620475883965882e-1
7.046022611434456e-1
-1.1586588760511373e-2
7.389446627974659e-2
-4.668402289352031e-2
3.250016814700543e-1
7.165225438158226e-2
-1.7257298095105403e-1
-2.9780271095805326e-2
-2.834920630838723e-1
7.448493660826493e-1
-6.649748902185656e-1
-2.699152293333126e-1
1.0153299846786351e-1
-1.5893464406557842e-1
2.2629556500102685e-1
-3.107290733646505e-2
-7.059217245003835e-3
-2.09886543203659e-1
2.28494395878629e-2
-1.3088353863985522e-1
2.777583504476478e-1
-5.743988221651213e-1
-4.4371421678969575e-1
-1.3711114856832438e-1
-5.828215980293767e-3
-1.406636900288381e-1
9.124158154251287e-1
-2.329036916400221e-1
-1.1415380432009513e-1
-5.116801045935011e-1
-4.8491441608250246e-1
5.743020161389667e-1
-1.9261121278679333e-1
-2.4766468836999012e-1
-3.228082418790398e-1
1.8076639457094208e-2
-2.3845288777678345e-1
-6.582697508512341e-1
-2.7385682018229246e-1
2.951193234493638e-1
2.0237182906928639e-1
-4.94342737147437e-1
6.89652861005628e-1
-1.855075723217059e-1
-1.1224257498447686e-1
-7.14714222404602e-2
7.492885238720658e-2
8.241997693484084e-1
1.9218117350952697e-2
2.251353708039022e-1
-2.132352242926437e-1
2.402105896808188e-1
-2.8872008142722777e-1
-5.324887798062511e-1
-3.647573202546933e-1
4.4753936180854444e-2
-3.2537114807569484e-1
-6.621592215883937e-2
2.876550981735602e-1
-2.848768548043923e-1
4.5094493146166803e-1
-3.975464115182302e-2
-1.4594172660066462e-1
-3.1462775440696744e-1
-3.2668962595904606e-2
-3.766277369035262e-1
-1.7454282360607212e-1
2.4087452984892666e-1
4.6040925376376225e-2
-3.167085933133135e-1
1.0221753879943049e-1
-6.334870539219355e-2
-2.4478510947182275e-1
2.1307180649762575e-1
-1.6645946537414394e-1
6.808254551989561e-1
-4.264060684643544e-2
-4.516131253880833e-1
-6.610851721451043e-1
-3.1229880517535424e-1
2.2801722301034233e-1
-2.1753173012004265e-1
-3.167690809083994e-1
-3.364457446383379e-1
4.951912359577598e-1
3.8664787477085266e-1
-3.47573015207483e-1
-2.111379228765329e-2
1.0490913583459582e-1
4.943030549328382e-1
-8.185232590447923e-1
1.4698132358999574e-1
6.649193979605476e-1
-1.123819858128707e-1
2.119815624249758e-1
1.9442982169732118e-2
-6.008634335010873e-1
-3.3954069555437026e-2
-1.3738259262592023e-1
4.8997863093230304e-1
5.733291304755032e-1
3.6808224499946307e-1
1.2961088929294634e-1
2.2816619713974318e-1
-5.256697672421704e-2
-2.793562689205904e-1
2.0877499734086918e-1
6.761464139237835e-1
-4.963238771460795e-1
1.8741172485412383e-1
1.7749776998584435e-1
-6.4344922712775e-1
-7.251470639189918e-1
-3.2854096130104443e-1
1.6162721043678777e-2
3.5949549699043976e-1
1.149809478666914e-1
2.628921123246176e-1
-2.6672916920975026e-1
-7.611668383995673e-1
-1.2048847665910642e0
4.9398026271029495e-2
-4.8101563789407836e-1
-2.2124559563422788e-1
-2.68104319971355e-1
-5.753331508726823e-1
3.6741880938426613e-1
-2.0396070549030736e-2
-1.3496538268304317e-1
2.2478450813686596e-1
2.9857135447259475e-1
4.2101834360413926e-1
6.892436171828283e-2
-5.194963235290029e-1
3.6317486111422825e-1
-4.477786034552141e-2
4.4817012162056175e-1
1.5589677672050914e-1
3.8165602253827996e-1
5.898385812385007e-1
-2.08788224722599e-1
2.554329989829571e-1
-9.75909562835783e-2
-1.97906767177413e-1
-6.522358827688821e-1
5.601867674198111e-1
3.900169281674589e-1
4.9108046624985846e-1
-2.352848361146139e-2
-2.715744145941939e-1
-3.2934335366148915e-1
7.336707865642651e-2
1.5129925114074705e-1
-3.92616949508318e-1
3.249001918297001e-1
-1.3431974152402582e-1
-6.300952722506948e-1
-2.601224343380432e-1
1.592968516025375e-2
-3.325710027893847e-1
-2.477576669362496e-1
-1.7433298944171585e-1
-3.3543976472193593e-1
-8.599510972546073e-2
-4.5033667274609884e-1
2.940806652780657e-1
-2.042553237360789e-1
2.5594453746592305e-1
-2.0098534016815067e-1
-3.220684431665041e-1
6.507580284162292e-3
-7.078410913019409e-2
-2.8799355432427665e-1
-3.7967575363739925e-1
-2.1354644122706358e-2
2.5056172696988105e-1
-1.0668093668161331e-1
-1.0957655545060875e-1
-2.003286151194893e-1
-1.2634464474580998e-1
-1.8229414131065622e-1
-4.1859546163187533e-1
2.4398160104295716e-1
2.955709408071846e-1
3.379966082935917e-1
-9.624883882293699e-2
-7.963526602429298e-2
2.8404221664503615e-1
-1.9374348438667557e-1
-1.676418757717675e-1
-8.127812844916882e-1
-2.01716103030017e-1
1.0941423389545642e-1
-3.329979850222423e-1
5.017014038478017e-1
-1.0016875275728021e-1
1.1080008238614203e-1
-7.776949321637266e-2
-2.861411429159943e-1
-5.421675226517425e-2
-2.0979418328552948e-1
-9.334724635810131e-1
-2.292886888550913e-1
1.9296183490470664e-1
6.040854487975044e-1
4.3203666581660155e-1
2.1066742328454093e-2
-6.498098821741752e-1
-3.072220503891613e-1
3.0533228209854757e-1
9.877184691843029e-2
1.7227289488597225e-1
2.5232160749365473e-1
4.482394411420735e-1
-6.000747054793356e-1
-4.501743496088358e-2
2.0404454871268768e-1
-4.512062462236985e-1
-2.418352301316301e-1
-3.373898749938565e-1
-1.7844767774194317e-1
2.162442101030332e-2
-6.458553556504587e-1
3.6587728985287105e-1
3.4158732240124684e-1
1.1823814620223917e-1
3.746987623614116e-1
-2.0234835584693694e-1
-4.1418319004405657e-1
1.663028388239028e-1
-2.8299022102475896e-2
-3.024373362947195e-1
2.376929702315679e-1
2.0381583154077537e-1
2.467442144561857e-1
-2.6971160973467917e-1
4.8612202186889907e-2
1.8276945539514457e-2
1.962622667575197e-1
1.9293350723679106e-1
-1.0979282240098616e-1
7.259680830314146e-1
-1.1425193068260966e-1
-1.293593290011774e-1
2.954850921627095e-1
3.7327878004913256e-1
-4.926451938651213e-1
-4.0941826681397303e-1
-8.026929015930012e-1
3.841121174328156e-2
-4.036876476913052e-1
-2.4837255716350312e-1
-2.658487186664136e-1
1.2192755077916609e-1
-1.8414944760748736e-1
-4.8496259570238964e-1
6.409934179633295e-1
-3.4318274908591445e-1
6.027116595100879e-1
-2.1836157597327038e-1
-2.2273003909378822e-1
-2.2970671613436092e-1
-8.356426712135961e-2
3.2043621834342173e-1
-2.179102463624565e-1
-3.213117577729937e-1
-8.012372557760812e-2
3.3177622703283716e-1
5.699938627881805e-2
-6.144358741046129e-1
-5.345059110022925e-2
2.3161447878958408e-1
-1.957907336789513e-1
-1.2110625425607266e-1
-3.522357108210347e-1
3.396074425673571e-1
-4.811966321172552e-2
3.6915339515948464e-1
-3.3847287465958287e-1
-3.3807285097351264e-1
-2.3418423824667953e-1
-2.802886204564483e-1
-1.439879281422036e-1
-1.003196157087695e-2
-2.925774548240349e-1
8.566690713628514e-2
-7.373728351074347e-1
1.0176917969049855e0
3.547973648015055e-1
5.795902991976339e-1
1.9968558696697533e-1
-1.0276412430704247e-1
-4.6726659787648356e-1
-8.919648031708736e-2
-1.051841030703205e-1
3.5426482790016334e-1
-6.0404800381485386e-2
-3.57445614516305e-1
1.4088098019283518e-1
-1.415576274432674e-1
-9.678485197781399e-2
-3.5060371310605765e-1
-9.644116576551125e-1
3.426121898717914e-1
2.7500206098184155e-1
-2.522393448454408e-2
-5.556308986406331e-2
9.986374048945325e-2
3.3090888158469384e-1
-1.4349768459600292e-2
2.661173560283285e-1
-6.465582327408618e-1
-3.3035275561752264e-1
-4.022001594712723e-2
5.306168838657974e-1
2.237009605967553e-1
-7.780650614326685e-2
1.7398493079175646e-3
-5.575240489403875e-1
-1.83575529539545e-1
-1.5871376969517234e-1
5.104319026894322e-1
5.234419608105675e-2
4.398674498649064e-1
-4.6595799509225044e-1
6.442663132411367e-1
2.89802154487281e-1
4.70517055034325e-1
-3.815663602548927e-1
1.6737231523028157e-1
5.898869981382344e-2
-1.4732902988724536e-1
-7.17283795381198e-2
-8.48777476816771e-2
-1.7846522558375902e-1
4.930526769203447e-1
4.4191371346877034e-1
-6.356140021521883e-2
1.3672747095082352e-1
-3.50308690004252e-1
1.0212334688793709e-1
-2.643362035612623e-1
6.119313908544511e-1
2.5363452041056556e-1
1.3765413159172774e-1
5.266281661594262e-1
4.645162844576843e-2
1.7450162102435568e-1
-3.458136015472476e-1
-5.733201505437621e-2
-4.6059003014549954e-1
-3.43743319195905e-1
4.1371538185561196e-1
-2.9088139903875937e-1
-3.6889975806236136e-1
7.685171186432523e-1
-2.3203089799113663e-1
3.1728974078169847e-1
3.731083523771158e-1
-6.23388879920833e-1
-2.1788232673308272e-1
6.62028808280229e-2
5.9297236112589795e-2
-7.534373400918044e-2
1.393958105313635e-1
-4.0981963516358527e-1
-5.224214733177339e-1
2.0352635330736235e-1
2.602435387352822e-1
-1.593299310494514e-1
2.2737555186499647e-1
2.62509633864144e-2
1.9220449650396274e-1
1.0586919017276704e0
-5.74485942162162e-2
-3.493910022858691e-1
-2.014408925193921e-1
-3.3533514235540646e-1
1.8882360370292628e-1
-6.833949642383143e-1
-5.671488148000831e-1
1.7881039423086784e-1
-4.311380708400924e-1
4.762836233876039e-2
2.124198659439845e-1
2.1378403687854153e-1
-9.991190099372486e-3
-2.733195693410888e-1
4.2843987438317105e-1
2.2447608341348468e-1
8.385744906882557e-1
-5.4362287311754603e-2
-1.9616933499387407e-1
-8.756061598068228e-3
3.434079264082899e-1
-1.907605604041307e-1
4.2298162443035775e-2
2.2284874890189398e-2
2.5231390575000573e-1
-1.93246971912575e-1
-4.3656003343865973e-1
-2.908804462569739e-1
-2.4942881245520046e-1
-1.4439846513533854e-2
3.3599929873621337e-1
-7.152465239518306e-2
2.474339347381525e-2
-1.2482335898363038e-1
3.4333445294933673e-1
-4.66152131586859e-1
-3.5018592981104707e-1
1.9282465599647758e-1
-1.4201135309377813e-1
-4.2124694539719526e-1
2.092193785881597e-1
4.0027359040210236e-1
-4.535597861467894e-1
-1.1246314660714327e-1
-8.561485122165542e-2
-5.154088142967448e-1
2.878069817419725e-1
4.187167255274388e-1
2.5266434943913674e-1
4.651647959772966e-1
1.869522219451261e-1
-3.408842402520475e-1
6.590970741456256e-2
-2.966216955063474e-2
6.818362499981204e-2
4.0812455176197293e-1
1.8457211457132827e-1
-4.570341001875007e-1
-1.966691008022315e-1
7.596387134770538e-2
4.960467219810338e-1
1.298686945124766e-2
-2.814729983460545e-1
-3.086576983713681e-1
4.464990415313735e-1
1.2575406603451367e-1
-6.410791579819726e-2
2.514051883330509e-1
9.206858059777165e-2
-1.3472700204425492e-1
-8.443666839461855e-2
4.277161541029691e-2
-1.4531806315307672e-1
-3.8816309875970373e-1
1.988937924352613e-3
-8.861368865230338e-3
-1.928744195820083e-1
2.885552249859831e-1
1.1658505318146717e-1
-6.261538100262111e-2
1.131500324201366e-1
4.975911810005668e-2
1.2933924433461458e-1
-1.8312731803574592e-1
-3.3242530851792365e-2
-4.519205510458382e-1
-2.482257999035998e-2
-9.716294477004516e-1
2.085790513999422e-2
3.9090719129407997e-1
-3.847011175364207e-1
8.409716053762483e-1
4.588794496496532e-1
3.673921871350901e-1
2.851132447368228e-1
1.7931331147638363e-1
-2.0433799550461412e-1
-2.5645777833668054e-1
-2.1951661306959352e-1
4.771305019593244e-1
5.474587065732012e-1
-4.5960490033039314e-1
-1.6996552086263242e-1
-4.1864308739378664e-1
2.4641248046735303e-1
-1.9762361914477594e-1
8.088043270394489e-2
6.591022121065969e-2
-1.3489688565677557e-1
-7.100554032547997e-2
-1.0721879302801021e-1
2.4446052335582996e-1
-3.4517882373840275e-1
4.5303705229232044e-1
-9.617727104622512e-1
-1.5635896488410864e-1
-2.2487234868452843e-1
3.5510322398043737e-1
-4.4094127755284424e-1
-1.2491075111371808e-1
-7.064138604485964e-2
-5.633821705058982e-1
-1.2605301934745894e-1
1.7142331298052846e-1
2.1315310812717395e-1
4.793504506240033e-1
3.623747518512034e-1
-2.0655767347318452e-1
-3.6118600567132836e-1
5.231875249970065e-1
2.5690056619143087e-1
6.71129806921943e-1
-2.0176570288869983e-1
4.018168064240089e-1
-2.417394468568079e-1
2.021227747025153e-1
-2.4866778845331441e-1
3.134462425437944e-1
5.730992957518535e-1
-3.391424198299988e-1
-2.856596842876988e-1
6.676524167628027e-2
5.962750634563782e-1
-4.4790300471492356e-1
-2.6691931339431124e-1
2.9475651402964733e-2
-2.4877478467002886e-1
-2.530761827785564e-1
1.663282406648377e-1
2.265865960713869e-1
-7.09349491964874e-2
2.1683400370998157e-1
-2.3617245094486755e-1
-2.1298396147991128e-1
-5.356585026407683e-1
1.734059946276057e-1
7.971859135171958e-2
-3.442497731801228e-1
2.5392149062044955e-1
1.5676349457780042e-2
-1.3408812947238086e-1
-7.382254203398472e-3
1.5483928067677488e-2
-1.6609516991293075e-1
3.59277830158595e-2
2.1029739030427694e-1
-2.172660140971167e-1
1.6174166980889906e-1
-4.411181287218316e-1
-3.996642789990826e-1
-3.284579284694328e-1
-7.140285438861473e-1
2.3984200391694474e-1
1.3679932709006665e-1
2.005079834064123e-1
1.5683453668874345e-1
6.162552331152481e-1
1.2701374616485456e-1
-1.2030432507433508e-1
-1.6602303813008396e-1
8.541580507832768e-2
2.1639645345960225e-2
-1.4888283030016583e-1
6.950683658125015e-2
-1.3323148972104426e-1
-1.587428372742999e-2
1.1611026912221907e-1
6.295386559603754e-1
-1.5687479024860432e-1
3.708284446751448e-1
1.5914853193456815e-1
1.860535182813465e-1
-5.144425697554845e-1
2.1871257516842607e-1
6.481227016067113e-2
9.814673688408922e-2
4.6588584202627203e-1
2.643571763259292e-1
-1.1312901167004176e-1
-3.7986363437329257e-1
-4.163580715399442e-1
-3.6707985299263046e-1
3.6955089499575444e-1
-1.6282326628857192e-2
-8.685038472263616e-2
-5.72148003796471e-3
4.2046904133642016e-1
5.015793671298973e-1
6.219550144948992e-1
-6.03228467728663e-3
-6.712051256137799e-2
-2.8272037365932146e-1
-6.839040064230867e-1
-3.195908861060145e-1
5.601608867023452e-2
-6.1238492440398376e-2
-3.4844939223720395e-2
-1.3872649351554411e-2
1.0474801579045906e-2
8.836056822579101e-2
8.908953783413119e-1
4.7410999967129275e-1
2.6386586686901814e-1
4.187009458362191e-1
1.7526023595346063e-1
-1.365990785645997e-1
5.724918746866336e-2
-6.969603320389021e-2
1.523006966600604e-1
2.703322928427384e-1
-1.4170852944844567e-1
-1.5917111714831497e-2
-4.865712534302905e-2
9.364119280880117e-3
-2.9529017549150144e-1
-6.793745271514548e-2
-3.799752729751499e-1
4.781313831590049e-1
1.7969348631614984e-1
2.827899137003789e-1
3.602772621364329e-1
5.329357105108037e-2
-1.0347058668637688e-2
2.0016633416271162e-1
2.46337496335667e-2
4.439352630596086e-1
-1.4427504003514888e-1
-4.84029381876991e-1
2.886511165431713e-2
4.9341332062276466e-1
2.666708562513336e-1
-4.4504492011975133e-1
-3.2310986620250665e-1
4.3923562767474383e-1
-7.117319420137268e-1
6.465398742973184e-1
5.322833852493659e-1
-1.0620885214822321e-2
-4.8166154368048686e-1
4.2909678852779926e-1
4.928891487983342e-1
3.4240075234964146e-1
-3.5771211315222995e-1
1.3587469065231117e-1
6.713623881613465e-2
2.0915792028225233e-1
1.3878649847646374e-1
-1.0144982595146984e-1
-1.357669869663143e-1
4.1305352078031693e-1
-5.451336115138485e-1
-3.819044467186946e-1
1.1840488495235732e-1
1.9514969024743134e-1
7.244320167160986e-1
5.788533077498619e-1
-1.1087702588404699e-1
2.554558150029351e-1
1.859273174285723e-1
-2.223241125347626e-1
2.1541591047106165e-1
-2.620237257483347e-1
-5.076728189991108e-1
-5.108203974675494e-1
6.168478312199446e-1
5.364439313788455e-1
-3.822656566545943e-1
3.44319926357473e-1
4.014958418026363e-1
9.480014051850304e-2
5.109329301999174e-1
-3.316859917313967e-2
-2.2500980166967503e-2
2.9913987690870625e-1
2.6695799121568164e-1
2.794036806858629e-1
-9.655323776955398e-2
-3.378611887453354e-1
1.4571202688758514e-1
2.286407992400245e-2
3.4808474664747824e-1
1.0635576839755016e-1
1.7564942354062563e-1
9.974133755603529e-3
-4.702177021648807e-1
-5.713090420061891e-1
-1.4940453220932529e-1
3.2666862171009653e-1
4.8710865834155487e-1
3.617662691948223e-1
3.140061386561937e-1
3.06716068257898e-2
2.2279361565009606e-1
4.265781915611428e-1
6.1168984192208e-1
3.329535529946601e-1
3.327983682426214e-1
-4.6997849663318564e-1
-2.108311931633075e-1
-1.1460152750100826e-1
7.463368108322182e-3
-1.993132320541294e-1
1.9573204885438852e-1
-2.2536033214233305e-2
3.4828623897779737e-1
-3.7807963068877554e-1
-1.2092420907137524e-1
1.7828869498130145e-1
2.707601640147841e-2
-7.863468191424527e-2
-1.3981510418563595e-1
-2.2127490782987919e-1
2.5564538337817444e-1
-4.071136883653973e-2
5.253244115612564e-1
-3.2844510903586693e-1
-9.606544422463115e-1
5.555046272560951e-1
-1.9883333573141324e-1
2.1582591628341322e-1
-5.990002102677229e-1
-3.377394330531208e-1
1.0910295578696967e-1
4.22703017991151e-1
1.986414760810578e-1
4.236645601913606e-1
-2.602766743153603e-1
1.5473661302035882e-1
5.05501671398111e-1
-5.661086979240217e-1
2.636497271543558e-1
1.505065418015401e-1
4.6204713798614494e-1
1.175892068646451e0
4.297993292684528e-1
-1.5197006667086468e-1
1.1537302010559641e-1
-2.4291066265557718e-1
-6.037190905742483e-2
-2.4905342307402709e-1
-4.4060706912291203e-1
-1.0184945232452322e-1
3.9964007908517934e-1
-9.980733237084287e-2
4.9307699324275867e-1
2.7757101457559485e-1
-5.228932861659347e-1
1.9179536251141022e-1
-1.0445551682599497e-1
-3.859594443139232e-1
2.1813699353969054e-1
1.8211663415001914e-1
4.866930012572903e-1
-5.6701615306057156e-2
1.904061816756037e-1
-4.7621220450648254e-2
3.0954420828428986e-1
-6.511506548899078e-1
-3.712908854080986e-1
5.5522078912106074e-2
5.620679692198105e-1
-3.2915586235117714e-2
-1.7931053124034663e-1
1.1889466623386424e-1
4.0426647224926554e-1
-9.883440797009688e-2
-4.290279482934734e-2
-4.146978673644568e-1
-2.5974382309050964e-1
-8.817465901544688e-2
4.567529157826496e-1
-9.716062947015495e-1
-1.254257568613867e-1
-2.242237705542832e-1
6.496406214168098e-1
-6.519837557367079e-1
1.7321446975798693e-1
-1.958060476501548e-1
-2.4063642399505145e-1
5.516618580869774e-3
2.3959962830744289e-1
2.271825904152734e-1
1.8408678798980135e-1
2.572358317607214e-1
-1.6053205548003766e-1
3.013335509845811e-1
7.034705292802511e-1
-2.33708060760315e-2
2.463106514961739e-1
5.293740049616057e-1
8.540834742854106e-2
-3.1056720833588514e-1
1.3923861846945323e-1
2.2296110893489696e-1
-2.786302027159969e-1
1.626585421121532e-1
4.1463614304769264e-1
9.500770962026386e-2
-4.0933241443601526e-1
-1.8048610152500966e-1
-1.553008559209272e-1
7.014259676636145e-2
-6.625239381503395e-2
-3.35274445427071e-2
-8.49665178993635e-2
4.966899014264028e-1
1.1593980737097835e-1
3.141667408699193e-1
2.4674616920333334e-1
3.215049715762828e-1
-1.9692273917380604e-1
3.4109549821843144e-1
2.724001266449674e-1
4.121197418223886e-1
9.666420683917515e-1
3.8767321160099416e-1
-3.47046752669928e-1
-3.8438381099163527e-1
-1.2914703582361456e-1
-3.4512705853381015e-1
-3.6927274516938655e-2
-2.329086811034874e-2
3.372490631188434e-1
2.2825764099041762e-1
-7.568438309264138e-1
3.404199198822253e-1
-1.6775563704871543e-1
1.64331145633799e-1
-1.4777773913140687e-2
-2.5424969179135987e-1
-4.6483840651543795e-1
2.604318860569712e-1
2.1426453501059017e-1
-1.1346382866511486e-2
2.3629484835805445e-1
-7.001292089218743e-2
-3.1922915191030266e-1
1.2237409473953155e-1
-1.1945394425355764e-1
-6.218809143570359e-2
3.592424929777443e-1
2.135572540813405e-1
6.660143270496309e-2
-2.123379590584439e-1
-2.1535956540625817e-1
1.0714574202871248e-1
-7.007342171395865e-1
2.6233904982986656e-1
1.2085595216803037e-1
-2.6249148073832584e-1
-1.526391704805787e-1
-4.8546669456036534e-1
1.4804620111278705e-1
-8.932654524887308e-4
-5.028652048504482e-1
2.6768591322541657e-1
-3.2093468203654124e-1
-8.096073749000918e-2
2.931760455594506e-1
-4.202589541554043e-1
-1.9033057115574295e-1
2.9257870362682037e-3
1.5674847307956713e-1
1.7345741543136076e-1
4.726813137484324e-1
-3.812254066595184e-1
-1.2217322183121028e-1
3.761393844194154e-1
-5.324160447645793e-1
-2.2943079448644196e-1
-4.0062114479829386e-1
1.9625217113116417e-1
-4.6066022518113686e-1
-1.4501076611115896e-1
-2.3972243828751766e-1
-1.264094155683002e-1
-1.5390802787330535e-1
-4.5146555327411875e-1
2.1746649741731847e-1
-3.3597198910493914e-1
7.541952464935104e-1
1.1986567144254448e-1
2.373891180043414e-1
-3.008629078992168e-1
8.925611496705599e-1
-3.3141650385047733e-1
-7.899250120998492e-1
-4.5284086545874414e-1
3.766669434703423e-2
-3.7723212584620476e-2
-1.6565766264183251e-1
5.7840770164198065e-2
-8.551942086504043e-1
-8.178822313502769e-2
-3.720918388852882e-1
2.651782731662204e-1
-2.2177548884406695e-1
-2.284818901129003e-1
3.3510815530921684e-1
5.666312771625813e-1
2.424434940509406e-1
7.529836381062374e-1
4.40826227666788e-1
3.29184396432614e-1
-1.710276441215331e-1
-5.484723349318688e-1
1.4973831738052254e-1
-8.875055296045548e-2
-1.2988075571745786e-1
6.620639282820392e-1
2.6117056178207626e-1
-2.838516989348137e-1
-2.765223031674541e-1
-3.6487667744901003e-1
-3.389341745519697e-2
2.636844512591199e-1
-2.3348028153736047e-1
-4.079115945952881e-1
-3.31757968772255e-1
-9.577046621347404e-1
3.0412348548962015e-1
-1.4640304550230107e-1
-4.508195114279657e-2
-9.878142607416542e-2
7.904848441839453e-3
2.9006051388579773e-1
8.691049692349426e-1
6.344886957044651e-1
-1.4132853592816158e-1
1.558572551615212e-1
-7.699284577425236e-1
-4.6957865833708673e-1
-3.228718286244895e-1
1.8907035249804e-1
-3.07518889869541e-1
6.268114314319989e-2
-3.282980215867492e-1
2.3755788577211076e-1
7.750451289568829e-2
5.061796510072969e-1
-3.5216152004051246e-2
-4.34756939184602e-1
-2.3768772868057098e-1
-5.119514204938186e-1
-1.9125736255606218e-1
8.89152648478106e-2
3.3870935840483235e-1
3.467022534601439e-2
-7.617822057962615e-1
4.6488933513190216e-2
2.955263778561815e-1
-3.042308144466879e-1
1.0927169914803017e-1
-1.2780341471786513e-1
-2.7901985144939007e-1
3.2400393212324974e-1
-3.838382468363397e-1
5.434300879376718e-1
-1.7958275165730678e-1
-2.6867648559431717e-2
-6.474055822879872e-1
3.154637295726719e-1
9.616330911136085e-2
-3.7468752414958e-1
-2.046655370369473e-2
1.0393701648366228e-1
-3.6414011838343885e-1
4.814062612077875e-1
-2.3699386467795677e-1
1.4167039743679427e-1
-4.9121623278473175e-1
2.6268123658224984e-1
4.7704593841483073e-1
-9.875695981339766e-1
6.561510087301093e-1
4.320774879759949e-1
2.374472126310409e-1
2.959909809256958e-1
-8.786071747271823e-2
5.883649371459371e-2
-4.2415436275135554e-1
-6.764898819085806e-1
-1.6245351812731765e-1
4.5707590382368934e-1
-1.443410679434524e-1
-2.2774823536496352e-1
-5.429967446883794e-1
1.1220172407120521e-1
-1.2179900874299962e-1
1.295996018076811e-1
1.776961427622879e-1
1.0006309570707724e-4
1.867662232236748e-2
4.071747101438612e-2
1.0893112474711655e-1
6.603528185163297e-2
-4.445469915456128e-1
2.127467973905508e-1
4.289435800513274e-3
2.630874263268411e-1
4.636513275603059e-1
-1.8906018654011275e-1
3.90654756344704e-2
1.6694814082785062e-1
-1.9543432110928402e-1
2.4875715181611185e-1
-3.684852722722371e-2
-5.131092061510129e-1
-5.415528742797514e-1
-1.0768293504131753e-1
6.459086664758502e-2
-6.820366199875415e-2
-1.8367407504459193e-1
-3.629384600184589e-1
-3.020428863397065e-1
-3.447886776021615e-1
7.839793794790243e-3
-5.720118924177103e-2
6.270665594500045e-2
-4.5004629700188176e-1
-6.891006262294792e-1
-3.622652184979857e-1
1.8446345583394544e-1
-6.840915200656922e-1
-1.8362275840948922e-1
-2.2175073574846035e-1
-5.745270986355001e-1
2.7393377321641064e-2
-3.0248458101857545e-1
-2.4619882543767432e-1
2.9615544863428633e-1
9.355756925034332e-2
1.9296870998076107e-1
-2.4482062746244293e-4
7.67028428642519e-2
2.18612791788359e-1
1.9974817412500578e-1
-4.7773354654469413e-1
-1.0224793861380117e-1
4.39921276227837e-2
1.0916130249461148e-1
-4.540743881217048e-1
-6.465063944643373e-2
3.273209614180963e-1
-6.528568608234268e-1
2.811318728734286e-2
-3.155103498213951e-1
3.217750461027364e-1
2.9181403541167233e-1
-5.905276296997028e-1
3.4536471452811857e-1
-6.515834603708791e-2
-6.719554836442664e-1
-4.915108070630605e-1
-5.785799797820527e-1
-9.238032286644812e-2
3.853850587259894e-1
-1.9541015002158968e-1
-1.8092514209084715e-1
-3.629597926590427e-1
2.2570181304430037e-1
-1.6602800179657488e-2
1.6681390595270773e-1
-3.194581696762823e-1
1.7327849949933588e-1
1.226729418025689e-1
-8.475644039182211e-1
7.425446202781912e-2
6.185824539906725e-3
-4.928397344196642e-1
-2.6153631501600605e-1
-2.917892479348679e-1
5.338938597414589e-1
3.9901124842691327e-1
1.7683006327138587e-3
-3.326113734555024e-1
-3.0972390618926615e-1
-5.1508450158752e-1
-2.1306151455424582e-1
2.6368386667031857e-1
2.932762651746e-1
-3.6426156198237786e-1
-6.293161238675528e-1
-2.6340113455811606e-2
1.2433426014307607e-1
8.196866719144024e-1
3.2702469214092017e-1
1.2385861259709718e-1
2.0442467974039732e-1
1.8709610856051753e-1
4.497012321084712e-1
-3.0293632637738e-1
2.92198070006758e-1
-2.2331496621241267e-1
-8.980527831165569e-2
-1.6974999473244362e-1
4.011340911447757e-1
3.6851885990395383e-1
-4.176303395903096e-1
1.2484714844824321e-1
2.0416169258588504e-1
1.2261168008867475e-1
-5.765028794846313e-1
6.447972205189953e-2
-7.591991269668362e-2
1.7708402006703337e-2
3.116658073276567e-3
-4.757753772201968e-1
-2.3014313057642993e-2
-4.7326987240244456e-1
-5.820685697382886e-1
1.8819205221509536e-1
-4.9713864300622573e-1
1.7665878608345648e-1
6.383806034688366e-1
-1.8580999108314403e-2
4.383238078941554e-1
-3.715356711706358e-1
-2.7704286145035208e-2
-3.438251226550901e-1
-1.4192623072393207e-1
7.127549015598063e-2
-2.642521989898689e-1
-2.521452516629007e-1
-2.7636347247126936e-1
-6.768155488564843e-2
-4.566411335694454e-1
1.0948178617811326e-1
-1.3329249731343537e-1
-7.431190332406922e-1
3.29123048046056e-1
4.335092729355717e-1
-1.468500618523256e-1
3.768516622752102e-1
2.573902746877244e-1
3.137503697892892e-1
-3.51684177231388e-1
6.897050458717102e-1
4.951544241829661e-2
-3.2012241451920925e-1
-2.448239743357438e-1
-1.1011704498264137e-1
4.786339424503599e-2
-1.8996772087565061e-1
3.675369730847619e-1
4.588630664010101e-1
7.801794512915104e-2
3.73752995251893e-1
1.1116232464568751e-1
-1.6017292060372484e-1
2.719696131689292e-1
-1.5422969242248039e-1
5.742801222560123e-1
-2.2472273223004746e-1
-1.9254809640210702e-1
6.835503128172928e-1
-1.4480936563006522e-1
8.312304660263843e-1
5.51467731418138e-1
3.360042099389481e-1
4.658249288396321e-1
-5.9923218723362766e-2
2.913255483152376e-1
1.366436768473899e-1
-4.968335785742818e-2
-1.3229012145825464e-1
5.723228848663661e-1
4.4860171369003066e-1
2.4857320273451058e-1
1.7830704959939503e-1
9.943255730141896e-2
3.5749317789709184e-1
1.810852573559124e-3
-7.602806999777662e-2
1.9255734158127816e-1
1.0421702026081309e-2
4.817721564924662e-2
3.9424167946797334e-1
1.5646351894924523e-1
3.7617799311388195e-1
2.54513139844511e-1
4.1273677320081337e-1
-1.3856596075612004e-1
2.936783898670439e-1
1.8036978827505387e-1
-1.479350945487934e-1
-2.515902546984059e-1
-4.72952222393584e-1
2.2254739630671477e-1
-2.8433736157302023e-2
-2.679982508090875e-1
2.633037761475371e-2
-1.3606241658190943e-1
2.8525624970475644e-1
5.222273669961351e-1
1.1700070659637607e-1
-1.904241742770689e-2
-4.832422312840872e-1
-3.218468707175134e-2
1.3023004482331277e-1
1.3613185457265958e-1
-3.2317292971288525e-1
-2.0590072785776053e-1
-4.159406171172328e-1
-8.974757690096207e-1
-3.418615099038669e-2
5.350655203675206e-1
1.2893889317437832e-1
1.8065749727207936e-1
-1.0443721468090365e-1
7.857425465464236e-2
1.9006636825332504e-2
5.170196152442709e-1
2.5985896399745967e-1
-1.191155109574414e-1
4.4931871863185824e-1
2.2507344921884667e-1
2.714122812038786e-1
-3.88037680739377e-1
-3.912435236083154e-1
-5.559291196478298e-1
1.3772526586295086e-1
-5.485753949428127e-2
-3.3906665955771e-1
1.6105273520002422e-1
1.347741558353498e-1
-1.7489165744730292e-1
2.9097401022863884e-1
-9.441284342913482e-2
-3.523107998616369e-1
-5.033324323122783e-2
-3.4155838487913086e-2
-2.834648336984529e-2
-2.817059006781708e-1
2.5597096270931297e-1
-2.457262788174022e-1
-6.641856375505574e-2
-1.1776657351125047e-1
1.4387737797727898e-1
-3.33341269278769e-3
1.2300085093906336e-1
-1.1116255177293909e-1
3.297451629579114e-1
8.527243616919589e-2
1.4020987050450262e-1
-1.2895251646579153e-1
-1.4439856101794984e-1
1.5113148719430736e-1
-7.86425140789963e-2
-5.6978929921860995e-2
-6.692205568757795e-2
2.2509928741951007e-1
-1.1145958099277652e-1
-1.234923633386122e-1
-1.183887900614029e-1
5.986914301264231e-2
-7.3338675416779e-2
-4.211090805934217e-1
-3.1439722027592704e-1
3.361615905289359e-1
-4.983707962921193e-2
3.5128730992715684e-1
-1.9277779233046738e-1
8.176116265603542e-2
1.88057011042165e-3
-1.323734410821159e-1
3.306503949867843e-2
2.5912458381220655e-2
1.4513945855483867e-1
-3.91856657298031e-1
1.861938540763348e-1
-7.094776069218608e-2
3.420317354020478e-3
-7.99729169225807e-2
1.2971766363689305e-1
-3.6184896551721163e-1
4.7349407655115625e-2
8.145995346268872e-2
-8.935996039843276e-2
-1.0486489728536943e-1
5.291903590382527e-2
-1.6740241504240472e-1
-1.8785129241366213e-2
2.1179093211360966e-1
2.495284451076433e-2
-2.186790595751484e-1
-2.3995147386934404e-1
-2.693917788111805e-2
1.7500206151421863e-1
2.2647198906774776e-1
5.558351215850645e-2
-8.563405806972982e-2
4.6832103895470784e-1
-3.107469599897529e-1
5.311491458149213e-3
2.8716646335306023e-1
7.073330618040732e-2
-1.2201339658653787e-1
2.721034029592491e-1
5.445929749879189e-3
-4.336825623304277e-1
-1.2827844494916782e-1
1.3347873141401664e-1
9.665827131899773e-2
2.4038047736408752e-1
2.5338297683207567e-1
-9.729677151150035e-2
3.8277238289719706e-1
-6.325399456716418e-2
4.0507981596173304e-1
-1.593153871683921e-1
5.517589199196858e-2
2.424431695530801e-1
4.8047558904743554e-1
2.7258342655013734e-1
-1.6831877344705867e-1
1.7282191700968194e-1
7.653251937834066e-2
2.212722860204474e-1
1.1225210255089921e-1
-5.842611609155682e-2
3.374139241381722e-1
1.0685484128731679e-1
3.18086951039894e-1
2.4472511829194626e-1
6.358273927678481e-3
1.483698904115498e-2
-9.789605901970726e-2
1.416520443621945e-1
-3.9395011696049426e-1
-3.835038949209503e-2
2.6430147357854933e-1
-1.732023574614681e-1
-1.8296475399174827e-1
-2.0640982332863e-2
8.865394428115375e-2
-1.799887959513659e-2
-2.272839295541162e-1
-3.4446839638874643e-1
1.7394088532138022e-1
-3.3871815451100634e-1
1.3526350903860219e-2
7.83521700814004e-2
1.1927208729245584e-1
-4.5122340088611373e-1
-2.603987115309724e-1
1.5760068390735965e-1
8.613301147803147e-3
2.3529446180638264e-2
-4.1055983058681855e-1
-2.689313264307769e-1
-5.860843753242741e-2
3.355506706531395e-3
1.693122332158977e-1
2.7317711695063074e-1
-3.3352417112235255e-1
-1.7008233074952742e-1
-2.1344082860386993e-1
4.000906218161478e-2
-2.0320647661918148e-1
1.066537339736426e-1
-3.015326631951769e-1
2.7737076095971668e-2
1.7590202290740273e-1
-2.1827533542954615e-2
2.5628669700191403e-1
1.615926835871773e-1
1.226763816821055e-1
-1.4693896100380108e-1
-6.2430626710887144e-2
-1.8008654956274558e-1
-1.16074978570112e-1
-3.695237752056491e-2
2.09570560705244e-1
1.6579074631339794e-1
-1.305597069100419e-1
-2.887822431854008e-2
-9.253441605957839e-2
1.82800565859399e-2
-3.131593015214626e-1
-6.748961861002849e-2
-3.2191078582300947e-1
-1.6581627832834328e-1
-2.9710017138707845e-1
-1.521100793148147e-1
-1.6154106971836948e-1
-1.0219475032663569e-1
-3.331891895357077e-1
-1.68404678692333e-1
2.4046493434756316e-2
1.3108398463770583e-2
6.86493564035532e-2
6.625384581660894e-2
-2.3697941039811687e-1
-1.8824320323308696e-1
2.0761390802304086e-1
3.1276542215251904e-2
-1.1080008577750651e-1
2.7822259896626067e-1
1.2786311612035342e-1
-2.2168139160353806e-1
3.4931966030713385e-2
-2.8518902455290145e-2
1.1127071682465439e-2
1.7719737193923643e-1
-1.011106498710726e-1
-1.307408931319414e-1
2.2713988705209834e-1
-1.5500151377245884e-2
-1.25304364013116e-1
-1.5445063729791406e-1
-1.1673147399433837e-2
-3.6171023410995223e-1
-9.282037988210949e-2
-1.5472339578719192e-2
2.685274521709527e-1
6.333154757468254e-2
7.729745288595556e-2
1.0685403839792277e-2
3.321065998205295e-1
-1.616510169073985e-1
-1.7324504072055467e-2
1.5208167340417908e-1
-1.209560566371141e-1
-1.3618223758676914e-1
-2.8258899207368415e-1
-6.1835938065987084e-2
5.379704001323256e-2
-2.354980595260931e-1
3.0595604216254024e-1
-5.752462719513431e-2
-2.0154399379355806e-1
9.818022654987965e-2
8.149125154678187e-2
7.177036575934191e-2
-6.227430249418577e-2
-1.5330456761395753e-1
-1.8821148353523617e-1
6.800396306250057e-2
6.0279509067415776e-2
-2.7842262825961063e-2
-2.5170163896509574e-2
-2.635298663690093e-1
-1.451387421041857e-1
-1.9763809040286529e-1
-3.28313832290274e-2
-2.4230936608634562e-1
3.4255944610151423e-1
-7.112387928170892e-2
1.5346606485796837e-2
1.5715887683622445e-1
-3.29965986474556e-2
-1.1712756410810138e-1
2.1485017782006197e-1
-1.354824424993636e-2
1.1529656576277286e-1
3.921484353069933e-1
1.988517671714564e-1
-1.124359541032272e-1
2.9082595891940375e-2
2.3682730524158185e-2
1.711652273669293e-1
1.2178582662382816e-2
-4.0163481172734844e-1
-1.2210286979699671e-2
-2.0167507042810004e-1
1.4177423094324215e-1
-3.8038540826388184e-1
-1.1161793061738314e-2
-1.454618281609973e-1
1.4131653383232945e-1
-7.588417016945385e-2
1.417666748303798e-1
4.540190003151747e-1
1.702663478094117e-1
-3.44852016297943e-2
3.4102722949919906e-1
2.1322112973004168e-1
8.888179945035346e-2
-2.2445820195344182e-1
-9.328714238142483e-2
-8.703058042397502e-2
1.422938540572007e-1
2.513194213198646e-1
1.2440322102766e-1
-3.143154474840276e-1
-4.8357233197965066e-1
-1.3836445584860385e-1
3.120662912912073e-2
2.644344346212876e-1
-1.7372841237284428e-1
1.608781845543906e-2
-3.26711665944733e-2
1.2871435404078968e-1
-1.9241834280759856e-2
3.537436662716091e-1
2.824086995094388e-1
-1.4214589373926695e-1
-1.564137064743301e-1
-4.746679828624862e-2
-7.819827995226411e-2
3.6922190520938203e-1
-2.9973837085481136e-2
-3.2518926041959245e-1
-7.128342782265501e-2
2.1318857867075128e-1
4.123250414008903e-1
3.717329646493195e-2
-3.242822453711293e-1
6.522315982687132e-2
-6.315141995910557e-2
-9.809932104716801e-2
-1.0454106912706734e-1
1.8154769702955628e-1
-4.655206653233469e-2
-4.7727980840947384e-2
-1.9485875608642528e-1
-3.275678899483798e-1
-1.0396671953399857e-2
-2.9244485986471597e-1
1.5396177119120272e-1
1.411424423145667e-1
-3.294587275327304e-1
-1.2834548813433236e-1
1.379333259212165e-1
-5.220846912265535e-1
-1.653805402583402e-1
3.643748056582871e-1
-8.480984066620484e-2
2.656565472732144e-1
-4.454048213952784e-2
5.5588626728263445e-2
8.169049125045083e-2
5.588931274210426e-2
-3.250814416614922e-1
-6.1706625382321766e-2
-3.7996075891094006e-1
-8.5024022636266e-2
-3.507443829672488e-1
-6.045766068614291e-2
-5.904788070153041e-2
-4.9862280288329597e-1
1.5944047876525208e-1
-8.812603025230609e-2
6.1888589509303586e-2
-1.8378542859930247e-1
3.178113593112803e-1
2.1919563062215155e-1
4.315026872779416e-1
1.637348376553026e-1
-2.2917523824120056e-2
2.335037329639137e-1
2.530393548761599e-1
2.1023685659309926e-1
-2.8122298901579895e-1
3.151842174767362e-2
-1.554087482784111e-1
-1.0040439845991402e-1
-6.884080946486791e-2
-1.6175175354749982e-1
-1.0847819625943576e-1
-1.2427748548068322e-1
6.315531403485244e-2
-5.000197060314911e-2
-1.9438373969207912e-1
-2.3025977746908452e-1
8.244798189871703e-2
2.1548372120449288e-1
2.584551135809995e-1
-3.032382640115997e-1
3.37645622027086e-2
3.7166321808339335e-2
-2.1381858022935188e-1
1.379649602367236e-1
3.713511072301531e-2
3.2344962026620916e-1
-2.3835524345540682e-1
-1.7606303649593445e-2
1.7264048108867516e-1
8.633309188412798e-2
-2.0504980307128717e-1
1.4375887019878034e-1
1.2647374283590368e-1
7.151449511230268e-3
2.987531003623047e-1
9.397687122022985e-2
-1.0008070174937742e-1
-1.7869837769364275e-1
2.1088171702274877e-3
3.1050143091111326e-1
3.5439396636299403e-1
-1.31378031002541e-1
4.0385841362050084e-1
-1.2470518156623649e-1
1.845046223025193e-1
-2.776467248681798e-1
-4.0289087671519785e-2
-3.8815443374311404e-1
2.211153567597425e-2
2.78420662383341e-1
-3.5621803338751985e-2
2.4584048218611423e-1
8.77492653107721e-3
-1.107328003257762e-1
3.497833178741257e-2
3.594583696392693e-1
9.061353191219573e-2
-4.284568417654066e-1
-1.6067148515018745e-1
2.6302805576604316e-1
3.277482502544462e-2
4.975439143075163e-2
6.768019376662952e-2
-1.5458676436621985e-1
1.3330008211977976e-1
2.0316817548877186e-1
-1.1775445487911902e-1
7.320349724859886e-2
-4.042409113874428e-1
8.627935558166577e-2
1.3857690508396675e-1
1.6833340427957516e-1
3.2028476340620887e-1
3.8113205576914955e-1
-3.917254477718517e-1
1.8068281713683151e-1
-1.0593388200839896e-1
-5.283343757124737e-2
9.401164430784247e-2
5.109437628453034e-2
-3.0867012925746923e-1
-2.7010906264432316e-1
3.670066424570847e-1
-9.673919376296952e-3
-1.0605358386410398e-1
-1.913821012846695e-1
-9.883462093109045e-4
2.875849639633131e-2
-7.551044684099034e-2
-3.010361976524458e-2
1.45888997120597e-1
-3.4796536612962406e-2
6.769915741563232e-2
3.573332090180091e-1
-7.839546355178117e-2
1.6119813268831945e-1
-7.123150806807109e-2
5.8119622040221045e-2
-2.1294706203756397e-1
1.8130966992163336e-1
2.8280181357789574e-2
-1.6005245700976442e-1
1.6244153569237146e-1
5.623200839961979e-2
-1.7578641840732084e-2
2.3495240672908896e-1
-4.816186604472473e-1
-2.6103514845297726e-1
-8.447772553828266e-2
3.295352120014834e-2
3.4231745564432037e-1
-7.404384370240495e-2
-2.918948060012818e-1
1.0381302681150233e-1
8.880440774665553e-2
1.3152810026823922e-1
3.878718588336388e-1
7.377268927773317e-2
-3.7993121728411794e-1
2.586089976114312e-2
3.447592753452398e-1
-2.311070545502212e-1
-1.0239860248068293e-1
5.196242941899107e-2
-2.4299086545748924e-1
-1.2433238409091196e-1
2.3467883247668308e-2
-1.0705344609190487e-1
9.450503260665391e-2
-9.970974683121175e-2
4.066428072552792e-2
2.3034464887145178e-2
2.168332391920124e-1
1.940194983445285e-1
-1.680827691994361e-2
-5.662693421065796e-3
1.9796658788616575e-1
-4.1836128534660405e-1
-2.4749908031241658e-1
-6.0501721277839836e-2
-8.444723395770971e-2
7.391460975697142e-2
-7.25831621629311e-2
1.6749786368074962e-1
-9.810699072287342e-3
5.203634715990711e-2
-6.1907578065256525e-3
-9.554290374174763e-2
-1.0237438705924432e-1
2.3601452984620205e-1
-2.1255054551539554e-1
-1.344745102652325e-1
-6.916299107315131e-3
-1.673562785095346e-1
7.57171172212558e-2
-1.5071260536426948e-2
-1.5200286500998475e-1
2.1332100370110402e-1
3.8610858708711296e-2
-2.9645233510839203e-1
8.893705316177916e-2
8.448507660771093e-2
3.160410581024007e-1
6.449080911214143e-2
1.1774252534558012e-1
-9.006909834952887e-3
-4.3220874002884935e-2
2.3137840926653655e-1
-3.4112942627064097e-1
4.9574746752436366e-2
-4.8553220561002516e-2
-1.8380144622307246e-1
-8.077047252807619e-2
4.7536419655785866e-2
-8.37392430409331e-3
-1.2632358956342093e-1
2.716589504995572e-1
-2.5943076124871792e-2
-3.5947583520904947e-1
-2.2697858570710802e-1
-1.9573667072276096e-1
1.5289919837049434e-1
-1.1356502134325776e-1
2.68515089890743e-1
1.3923971354239464e-1
-3.6399564077656166e-1
1.491073855485341e-1
1.6783270978303294e-1
1.9756662906909656e-2
1.344892411771381e-1
-2.3249698110161446e-1
-1.1520495021638379e-1
0e0
0e0
0e0
0e0
0e0
0e0
0e0
0e0
0e0
0e0
0e0
0e0
0e0
0e0
0e0
0e0
0e0
0e0
0e0
0e0
0e0
0e0
0e0
0e0
0e0
0e0
0e0
0e0
0e0
0e0
0e0
0e0
1.436841396665435e-1
-5.752604065609955e-2
1.926345255195567e-1
-2.28679380844203e-3
-2.0451336682885368e-1
-6.052447385385049e-2
-9.374055590677845e-2
3.1709203991966395e-1
2.5326990920200083e-2
-2.023780958909664e-2
2.8076457807349076e-1
-1.6072761960543339e-1
-3.304742106614164e-2
2.3298036542854522e-1
2.0901938211849472e-1
-2.765624221617717e-1
1.6795161524156324e-1
1.5094811426786514e-1
-5.670078159942288e-2
2.4198918813377193e-1
-6.344958694549754e-2
7.56296218811084e-2
-1.1180442401401329e-1
1.3446919106835584e-1
-4.916697589589431e-2
-3.889906070133741e-1
-8.981404149963684e-2
9.062661290760837e-2
-7.811484976866749e-3
3.066015989511535e-1
4.930735861509901e-2
-4.098687795386973e-2
-6.306789114199743e-2
-1.0046426433171253e-1
-2.3167342621052664e-1
-2.679793690206776e-1
-1.3123305709225835e-1
4.5250931757260726e-1
1.0865624193585888e-2
3.764669455680053e-2
-1.0958430626423096e-1
1.3246214974856446e-1
1.325326515790532e-1
-7.252207442340887e-2
2.4022229617321827e-1
-1.2640646948411292e-3
-5.839345392304486e-2
1.3347326929150435e-1
7.552355980119606e-2
2.1933995917949645e-1
-1.3234763237331073e-2
-7.237053583493237e-2
2.530781394402376e-1
2.92744941856882e-1
5.4253599021208396e-2
1.563342191996054e-1
3.752998159020964e-2
5.788541798080472e-3
-2.6645584752767437e-1
2.783696673514157e-1
1.3699805267630674e-1
9.583044097265592e-3
1.7535855451311771e-1
1.0630905024818373e-1
4.113440189977676e-1
2.0523341941813053e-1
3.8788753242032975e-1
7.69206721777556e-2
7.078667674622573e-2
9.056098649258783e-2
-1.0070900774224366e-1
-9.371191937893421e-2
4.6846274713128966e-2
1.6142965872670162e-1
-2.2848816767290545e-2
-2.3260637688952998e-1
-2.5880002988007e-1
5.941953695975921e-3
-4.2521122563033385e-2
-7.196241914942714e-2
-8.861083394554956e-2
4.14128259755111e-2
3.2492789559613344e-1
2.780910818497155e-1
-5.970919978715017e-2
4.2946667592569945e-2
2.0210770578141437e-2
1.010024916523103e-1
-1.0220130428258162e-1
-1.8324422739136716e-3
-7.727711957792825e-2
4.425029995672792e-3
1.179504699917758e-1
1.0881032686282037e-1
-1.4439250112738178e-1
-4.2044755281600316e-2
1.2021691938793312e-1
3.464255213164373e-1
1.7081290969156893e-1
9.229611487920554e-2
-1.63085926891452e-1
1.4364060901120304e-1
-2.3634500509709686e-1
-1.5273095311273524e-1
-4.1244405393406916e-2
8.900258826504506e-2
-1.0787630039127014e-1
3.68067485841034e-1
-1.8159069737754124e-1
-6.183404686347428e-2
1.3919563558759213e-1
-1.152078581032104e-1
1.3430864767103248e-1
-4.139402243654342e-3
-3.273613197628426e-1
1.2592252321413527e-1
-5.945843582413862e-2
-1.5675173707772916e-1
1.957955084472146e-1
3.1916295345871293e-1
2.3699844724452362e-1
8.245397806904811e-2
4.991737562739571e-2
-2.366074299044395e-2
-2.0993870425309588e-1
-1.687340328958415e-1
-2.9374463874879558e-2
3.558268116162171e-2
5.128465066291322e-2
5.465932086897199e-2
-2.4199762367049746e-1
-2.881587873157879e-1
-5.6300680583362295e-2
-1.3038254977805211e-2
-3.3432373029459617e-1
2.885703128096367e-1
-1.4069376161024305e-1
-1.1926024099121343e-1
-2.2459785058635434e-1
-7.266646014814031e-3
3.220496166482885e-2
-7.757322180133656e-2
1.9340470790000436e-1
2.8619117146190554e-1
1.848022761536288e-2
7.998717623387573e-3
-1.0090398276102043e-1
-1.6126019460070015e-1
2.9444649250493116e-2
-7.326451692248644e-2
-2.5671196174098854e-1
1.8142824300624424e-1
-1.565109822524266e-1
3.9485988027195544e-2
-3.808691925858132e-1
-4.050440298876282e-2
2.773339078865918e-1
8.560671502894149e-2
-1.4841668430455715e-1
1.700498862433778e-1
-1.787325101249618e-1
6.108076009967571e-2
-2.4235331335992824e-1
-1.3484176069160225e-1
-2.829719572625912e-1
2.969969314038941e-1
-1.446277242668742e-1
-2.326326022161637e-1
2.1547878087323913e-1
-3.768854978923719e-1
2.4508973273754192e-1
-1.431135945066485e-1
3.031859212962803e-1
-1.724651595406384e-1
-6.375218104212826e-2
-9.26049056529898e-2
-2.0074050666487042e-1
-1.2319729977288843e-1
-6.815448310112131e-2
3.0438807558411426e-2
-2.415538855391854e-1
-3.960333230756139e-1
-2.963651506444587e-2
8.132356292134922e-2
1.3066466789360212e-1
-3.1986321046430614e-3
-3.176463209597719e-1
2.6264198427182095e-1
-1.3385725337857832e-1
-1.254401545052052e-1
1.4944634563027667e-1
1.0737452070331772e-1
-6.0552956516221855e-2
-5.770147954452378e-1
6.991492025824432e-2
-2.118332887055527e-1
-3.1148481589625746e-2
-3.0109297044511557e-1
1.0118960798873655e-1
-2.4685260197279624e-2
1.934643111751503e-1
-1.8392122259197471e-1
7.492210084997383e-2
2.1821161511485953e-2
-3.476244340728493e-1
4.731794184616399e-2
-2.521681691862459e-1
9.027079605624588e-2
1.6447586033292553e-2
-2.915091558857208e-1
1.6977196154497382e-1
-1.0697121659197674e-1
2.036632240642791e-1
2.7840685111421442e-2
-1.9901998030958157e-1
-1.2386808828392269e-1
3.193965342396256e-1
9.771053657939073e-2
-1.1215017964885644e-2
-1.513450967110704e-1
-3.9237508019938255e-1
-3.0461005167409405e-1
-1.5021663432624474e-1
-5.4307680786838716e-2
-1.1336703892497355e-1
3.664249293609798e-1
-6.683870372278382e-2
5.167450108081019e-2
2.579927180457703e-1
-3.602219262187965e-1
3.4319174590829275e-2
-2.3388483647048937e-2
-7.409051401576185e-2
-1.186936256711329e-1
-5.964356455700309e-2
9.425637776006436e-2
-1.2288673519502635e-1
1.521084011096454e-1
-3.7075338138282304e-1
-2.0626460564677002e-1
-1.2668632002491045e-1
2.084670050725081e-1
-1.292570124253795e-1
-2.3843780973927078e-1
-1.1929965113565877e-1
2.1213789643835537e-1
-1.537859348551108e-1
6.938563173686714e-2
-1.363589128785585e-1
-6.561737207517032e-2
4.995639950310481e-2
-1.929555209378676e-1
9.936769745663586e-2
-2.550681232408681e-1
1.964751259623972e-2
5.919970017078183e-2
2.203443907598147e-1
2.724950217114512e-2
3.879560895114537e-1
-1.0839258105258329e-2
-1.934616042367848e-1
1.4659196772752275e-1
-3.7354797846742813e-4
-1.1481367552808298e-1
4.164769564244536e-1
3.667211006338544e-2
-3.1898024978546454e-3
1.9122747767869003e-1
1.8478695603663395e-1
2.115354185045468e-1
-1.1885918327189697e-1
-2.405875532664546e-1
3.987545035662733e-2
-2.3467718294994958e-1
-1.4390507683981882e-2
-1.9226071879030593e-1
4.174187081188144e-1
-2.677611497414691e-2
1.186075300052645e-1
-2.333984851434186e-1
1.0265985105166764e-1
5.8790204834308815e-2
-2.3342567422105585e-2
2.076581313296333e-1
3.3245467758536415e-2
-1.652551063306159e-1
-1.303788112358478e-1
-3.639817007820858e-1
1.7497846013090734e-2
-2.4497164713738053e-2
2.7696762890599275e-3
1.8411376005230332e-1
-2.573169638053186e-1
-2.0802223953532717e-1
-1.8686118292293136e-1
-4.7544697250985135e-1
-1.5706842316734576e-1
1.680185609731691e-1
-1.370214281042164e-1
-5.104743908576483e-3
-1.4634266397620818e-1
3.8814320076144443e-1
-1.1952484358756602e-1
3.00801313562654e-1
-1.0176315298664279e-2
-2.3964587552421153e-2
-8.941183843727528e-2
1.7538690402951954e-1
6.24621367058755e-2
-1.0067825820966957e-1
-1.1575845865456391e-1
1.2078912887006943e-1
8.465197693870263e-2
7.924631009741877e-2
-5.6489152706113786e-2
-1.4180098125636936e-1
-1.7610947396577395e-1
1.2252354429753524e-1
-2.0423931474756452e-1
-3.296856872831732e-2
-2.372326596381674e-1
-1.8860379632021096e-1
1.822227143232988e-1
2.7602577963775976e-1
-4.2611467518118873e-1
7.56638277809404e-2
6.43051430486164e-4
-8.375300162721766e-2
1.7374358341240215e-1
-7.79027386792527e-2
-1.2106425266781703e-1
-8.003490768592551e-2
-2.34194525216126e-1
7.180446010495811e-2
1.170462782565905e-1
-9.841481262769972e-2
-3.121012596129241e-2
-6.840496455039982e-2
-2.179617254037425e-1
6.598913310409653e-2
2.7780433732442084e-1
7.38428830499088e-2
1.2717431428871731e-2
6.719036070432592e-2
4.1662124775941424e-2
-3.4968765089767734e-2
-9.925783984092726e-2
4.553098249932393e-3
3.507754451778726e-1
5.070141562853846e-2
-7.297952003290424e-3
-3.163776314631573e-1
-2.0208539826201258e-1
-9.384036259500378e-2
4.335719209713734e-2
3.8507395117345117e-3
5.159745416171178e-3
-6.546036261227951e-2
-1.1044144573365175e-1
-1.098956570984892e-1
-3.801127414449516e-1
-8.521502973314748e-2
-2.2845608679197484e-3
1.4371722225819708e-1
6.332939300383421e-2
-2.7101825503190322e-2
-1.3938858780199725e-1
2.9748665744106156e-1
-1.077523916829801e-2
1.620932635704747e-1
-2.8820098040349577e-2
3.577053900689288e-2
-5.563532298666985e-2
1.116420993438518e-2
2.486165949604742e-1
-1.2566632284815382e-1
3.806502864934427e-2
-2.4233177899095093e-1
-2.6987493254333345e-1
2.0573302195543716e-1
-1.2226199435320428e-1
-2.4863118811666536e-2
-2.587939152283189e-1
1.0755412893053334e-1
-1.9739630884479872e-1
2.5263134424861233e-1
1.8105025394558732e-1
-8.007633869049903e-2
-4.0717245780617456e-1
2.5623512266311863e-2
7.347754288233838e-2
1.3372626617036988e-2
2.8009574953641286e-1
2.1691921884744106e-1
-1.1312735825875736e-1
-4.236309480297598e-2
-2.1569162766826175e-1
-8.467440768207689e-2
3.334974242940321e-1
4.409654019283464e-2
-1.0045245848681529e-1
2.383266910276275e-1
3.220586482554099e-1
1.1626983074926088e-1
-7.566963893704239e-2
-9.796300711245574e-2
-6.258683314959622e-2
-1.3183445502412483e-1
-2.9781912228495716e-1
4.049007360906349e-2
-3.6773817298575584e-1
-8.691192038252765e-2
1.8059171906408222e-1
-9.886573551932423e-2
-5.5665929463936024e-2
-1.3435961496839835e-1
1.6319044125524254e-1
-8.304046154228585e-2
1.4182765353166468e-1
1.5684431019542987e-2
-6.613675171595416e-2
-9.561666603088255e-3
-7.049207809835432e-2
1.963995781256597e-1
-1.1880119126878525e-2
-1.1159081320050827e-1
1.428069040316722e-1
-1.1349124585525394e-1
3.165453447543981e-1
-1.2766935702945983e-1
2.344459300500205e-2
-1.9521796491520493e-1
9.605310994735813e-2
1.7127452403117593e-1
-2.445618803239024e-1
-7.446525823107404e-2
3.3920428142555387e-1
1.4157885092174746e-1
1.9553547631164953e-1
1.805813909886752e-1
1.4266602581519147e-1
1.406800201060613e-1
-8.671926690185829e-2
2.3232246511578414e-1
-1.406267370451734e-1
3.9951492219400353e-1
-1.1088181497228397e-1
-3.654159010480406e-2
-1.65907266009065e-2
1.7777722624869974e-1
5.08108029566964e-2
-1.0557722956733277e-1
5.836108786290584e-2
-8.54070967029431e-2
2.1003697425518636e-1
3.503220465683276e-2
5.041448511469878e-4
-3.559539384224419e-1
6.2238706618972864e-2
-1.0682935920241005e-1
1.4958688720967034e-1
3.2647863659806464e-1
-9.607544065556032e-3
-6.063076805849909e-2
-1.3727206837660194e-1
-3.0020694746030846e-1
8.263284719515207e-2
-1.1573872360709013e-1
1.1864958753645295e-1
3.0331427688441615e-1
1.1518044238122223e-1
1.0308791336499208e-1
8.44988023125968e-2
4.105251633650369e-1
-9.235973888161393e-2
2.4823237004679483e-1
1.3289354250049937e-1
-8.408154840506156e-2
-4.488845220835312e-1
2.1709458937261955e-1
-1.1554707965651217e-1
8.314149534213698e-2
-1.0911911513238448e-1
-4.2289468772392824e-1
6.097981648530457e-2
-1.9026932694782778e-1
1.971048200702526e-1
-5.228355416170445e-2
-2.3158709500010344e-1
-1.6269775205516468e-1
1.6378369153366718e-1
-4.805015573447771e-2
-9.286059307699561e-2
-2.1506870885532544e-2
3.506313286170179e-1
-3.7072927147091976e-2
3.8236973204133184e-1
-3.9905934263148524e-1
-1.3441762736244892e-1
9.787093292249338e-2
-5.587610718845335e-2
-1.4535144280457746e-1
-1.3949854981394225e-1
-6.318631269255108e-2
3.748467644098967e-1
-1.8515741255389736e-2
3.328923365799958e-1
-1.302469798360256e-1
3.0116356371831376e-1
1.2109831621403673e-1
-1.4779261052730364e-1
-1.363419619832801e-2
8.929207156369271e-3
3.0380331971298823e-2
-2.944533794878673e-1
3.303514012630642e-1
1.551324691378547e-1
2.989135093416573e-2
-6.792240849790843e-2
-1.4384945639431002e-1
-8.441969866537144e-2
7.019256218489987e-2
-6.461344575966987e-2
-6.984536629380154e-2
-7.928244189111627e-2
1.448261124016886e-1
-3.1505056142191884e-1
7.733285917874203e-3
-1.2793415397326483e-2
-4.593542209128431e-3
-6.618151582303655e-2
-4.374589938717512e-2
3.651787853697639e-1
-7.292225707601897e-2
1.584833930273304e-1
-2.6548792705116414e-1
-3.2267332725747194e-1
2.874972897099691e-2
-2.2712942396341554e-1
1.4084116332388685e-1
1.2244490460723303e-1
-5.3949577693855714e-2
3.5334943824719645e-1
-2.7408295508579933e-1
-2.1337127949150655e-2
-1.830726033836069e-1
-5.404783523680545e-2
-8.267087573308841e-2
-6.607497408964404e-2
2.64011760083914e-1
1.2774923833768503e-1
4.0453687426287477e-1
-8.975336027983444e-2
8.804693550925728e-2
2.3348345314875788e-2
7.4506236511279866e-3
-6.688842383319726e-2
2.311891056265692e-1
-8.492258953892324e-4
5.988854476845703e-2
1.4402168399470514e-1
3.907433799815702e-2
9.844621440332603e-2
2.0894104680071905e-2
1.0237985172718064e-1
-2.858324444740932e-1
-3.204369442018123e-1
-1.0883706509716497e-1
1.7442191050555406e-1
8.429090949718669e-2
-1.6284154787062435e-2
5.083763264592382e-1
-2.774846024747274e-1
2.608471695069659e-1
4.2196611989760636e-2
-3.776481686912233e-1
1.0008611940398188e-1
2.1725209157046343e-1
2.032271255990079e-1
1.989163828102286e-2
-8.410296939762262e-3
3.754079203795052e-1
2.4270520044329637e-2
-3.0946952025824703e-1
-3.593667578188919e-2
8.749155427438693e-2
-1.3939440570527686e-1
-5.334796206386423e-2
-2.0827256278608577e-1
2.3780544022988036e-2
2.914466922902858e-2
-9.805136451051147e-3
-2.890407772764302e-1
4.3754207928529526e-1
-3.665628996393991e-2
5.88248198991391e-1
-1.211835844906619e-1
-1.698273685804504e-1
-7.502583514504076e-2
1.4191807555361582e-1
7.251692931219317e-2
1.3541139239546213e-1
2.0335787639305697e-1
1.4256037816575612e-1
-1.0032228775691006e-1
1.7719230920720544e-1
2.2860883515457905e-1
-1.6207628211007816e-1
8.014559837788371e-2
1.3154618518419017e-1
4.141078471155912e-2
-1.41244854600102e-1
-2.677328391145677e-1
7.454826694557233e-2
2.054781698096273e-1
2.3833228579013713e-1
-3.449363989581868e-2
1.1641110179089203e-2
-2.8979581236501278e-2
-1.0836970171955615e-1
-1.368920241822294e-1
2.7953705404856505e-2
-4.575278653384099e-2
-1.1710248692222615e-1
-8.304242619939392e-2
-2.3048159333361423e-1
1.2442879438710067e-1
-2.7558728904083514e-2
1.2015950817107827e-1
1.4220610043896782e-2
3.508076349605955e-1
4.833456126574404e-2
3.676051338453994e-2
-3.529572035391519e-2
4.791137143909571e-2
-1.9303091745923814e-2
1.8100893090138578e-1
3.366385858514293e-1
-7.177822198800117e-2
3.115218257445196e-1
3.0594927213911577e-1
2.1876724085239646e-1
1.4928227140937841e-1
4.81275189099418e-2
-6.644144467100122e-2
-1.0961830419237753e-1
-1.5806093932138793e-1
-1.651187830904941e-1
-5.803767362077815e-2
2.571680251743885e-1
-1.9520037010052932e-1
-3.852311517291724e-1
-9.819469636123958e-3
-1.2497083867285904e-2
-6.5705038646092e-2
3.0565434627339766e-1
1.1684326761968573e-1
1.6287797451886296e-1
-4.5564760948129535e-1
-8.142162709097622e-2
-7.45749965032379e-2
-3.829192507389883e-1
-2.3834383225996145e-1
-8.445785649563779e-2
5.926921265182235e-2
1.479502428491001e-1
-1.681372739750245e-1
9.480520903312843e-2
-6.356207339710014e-1
4.459767887105552e-1
-4.493823409639174e-1
3.6365278421786673e-1
-1.9282395845670047e-1
2.3722188052247004e-2
-8.334709957273635e-2
-1.4707337231549178e-1
-2.860059702563968e-1
-1.2058246590043457e-1
1.8379674307060054e-1
-2.315906751941211e-1
-1.6415414691187347e-1
-1.7185401792986624e-1
1.573345917132017e-1
-1.0697313734643103e-1
-5.279051430459613e-2
-6.732749252103046e-2
2.3418011396836988e-1
1.1174551390972373e-1
-1.3489908521041145e-3
1.888281445962492e-2
-2.2970157626728738e-1
-2.293860200523508e-1
6.88923080823825e-2
-5.1936737035364e-1
-1.4854316994418994e-2
-8.427421877238949e-3
-4.318243778206764e-1
-1.1325076246069278e-1
2.7554292835103067e-1
-2.6946184877166607e-1
-1.5974594143243892e-1
2.2906513321389232e-1
-3.989251904533686e-2
-1.7392709483318816e-1
-5.1328646706615334e-2
-4.7218160287338445e-3
3.665711436442534e-2
1.4416745161402808e-1
1.2366867391901341e-1
-8.506035996245077e-2
-9.633038890149512e-2
-3.4072263059684485e-2
-2.7952370289642353e-1
4.88565589792256e-2
3.4436167867449996e-1
-3.4477249128963494e-1
-5.159733306432085e-2
-4.87582600354215e-2
1.673875355983642e-1
-2.3521781013302512e-1
3.0995529107727404e-1
1.3228979839498986e-1
-7.817239322343027e-4
1.0479902534628821e-3
1.020991909741473e-1
2.869011854606842e-1
-1.2349089661839201e-1
-4.78657258453505e-2
1.0390626634847311e-1
-4.801492968985446e-2
1.752500110005256e-1
-1.9938927977621412e-1
2.0189060284475824e-1
3.001721256292201e-1
2.0828966339255997e-1
8.384130948553728e-2
0e0
0e0
0e0
0e0
0e0
0e0
0e0
0e0
0e0
0e0
0e0
0e0
0e0
0e0
0e0
0e0
0e0
0e0
0e0
0e0
0e0
0e0
0e0
